notebooks/DrizzlePac/using_updated_astrometry_solutions/ref_cat_None.ecsv
# %ECSV 0.9
# ---
# datatype:
# - {name: RA, datatype: float64}
# - {name: DEC, datatype: float64}
# - {name: mag, datatype: float32}
# - {name: objID, datatype: string}
# - {name: GaiaID, datatype: string}
# meta: !!omap
# - {catalog: GAIADR2}
# - {gaia_only: false}
# schema: astropy-2.0
RA DEC mag objID GaiaID
[from data line 240]
80.5845133037376 -67.9406994151583 20.76345 4658741405311690496 -1
80.5414953279645 -67.9429271974155 20.76307 4658741370926203136 -1
80.5691272393326 -67.928534590018 20.76237 4658741508390878464 -1
80.4883178874388 -67.9655192734313 20.76135 4658741134671748608 -1
80.5410950591632 -67.9621736301585 20.76122 4658741336566462848 -1
80.5549468897046 -67.9202518226654 20.75987 4658741508365183232 -1
80.4604260692378 -67.9339482590949 20.75923 4658741611444232832 -1
80.5576717627387 -67.9321468375338 20.75657 4658741474005448192 -1
80.5349812350693 -67.9353173822138 20.75553 4658741478287016192 -1
80.4704802157665 -67.9237168667202 20.75067 4658741645803988224 -1
80.5011850979515 -67.9317468156746 20.74998 4658741577084559872 -1
80.5599358891191 -67.932274645113 20.74619 4658741474005452032 -1
80.5524164335956 -67.9417829669923 20.74545 4658741375207821312 -1
80.5896630343983 -67.9290756010225 20.74509 4658741439671438592 -1
80.512365271745 -67.9288410427141 20.74507 4658741684427255680 -1
80.520392322745 -67.9329772152459 20.74461 4658741577084596352 -1
80.5521859399014 -67.9473484168523 20.74 4658741370926221440 -1
80.5875762325079 -67.9518718926934 20.7377 4658741302232482432 -1
80.5574362265959 -67.9473158469864 20.73759 4658741375207831936 -1
80.52101535127 -67.9360743402906 20.73621 4658741581366461312 -1
80.5027912403224 -67.9317705391843 20.73422 4658741581348041344 -1
80.5536676511507 -67.9520175916922 20.73267 4658741370926225152 -1
80.5138636386128 -67.9372633005348 20.73246 4658741577084584064 -1
80.5086202841644 -67.9702643236071 20.73164 4658741130407970816 -1
80.5960205769807 -67.9512018813955 20.73161 4658741409547651072 -1
80.533172672693 -67.9481483762826 20.72652 4658741370926188800 -1
80.478708238876 -67.9193011370942 20.72517 4658741748845056000 -1
80.6041747459755 -67.939218102249 20.72382 4658741443909074944 -1
80.5301058152191 -67.9592880934931 20.72301 4658741336566443264 -1
80.5100694348053 -67.9416220418878 20.72203 4658741546986427648 -1
80.5370816046281 -67.9541751907401 20.72172 4658741336565693312 -1
80.5084112017317 -67.941670317979 20.72129 4658741542724835328 -1
80.5238987391343 -67.9204464198796 20.72029 4658741680163818368 -1
80.5469995184624 -67.9468995755829 20.71734 4658741370926211968 -1
80.578444668614 -67.9464488948077 20.71661 4658741409547622528 -1
80.5087907413472 -67.9696876757111 20.71474 4658741134689645184 -1
80.5471674148033 -67.9476980664136 20.71322 4658741375208028544 -1
80.569752667868 -67.941060551633 20.71156 4658741478268816384 -1
80.5203786225385 -67.9426763962844 20.7104 4658741581346201216 -1
80.4630814631955 -67.939534982393 20.70908 4658741615726308608 -1
80.5410607000918 -67.9548473393445 20.70824 4658741340828100096 -1
80.5391061919408 -67.9197257434082 20.70712 4658741508365154944 -1
80.550500384435 -67.9174425025849 20.70477 4658741512646982656 -1
80.4740390607764 -67.9314324086432 20.70459 4658741645782338560 -1
80.5790969372706 -67.9585594665984 20.70406 4658741306488549760 -1
80.5018129783675 -67.9464220539475 20.70344 4658741547006859136 -1
80.5334745981532 -67.9487003112069 20.70284 4658741336565869312 -1
80.5937872270688 -67.9611835000015 20.70267 4658741306468445312 -1
80.4524754700508 -67.9412791546289 20.70155 4658741237751359872 -1
80.5598450153236 -67.9400933203223 20.70117 4658741478287242752 -1
80.5544238704422 -67.9610170377992 20.7008 4658741336566487168 -1
80.5462619434773 -67.9229850069656 20.69748 4658741508365165952 -1
80.4729093832662 -67.9173554115479 20.69607 4658741748883208320 -1
80.4821901708745 -67.9133632355775 20.69561 4658741748883221504 -1
80.5783875177079 -67.9514685380487 20.69529 4658741306488371200 -1
80.4987932046153 -67.9680945955963 20.68895 4658741130407953792 -1
80.4570388792898 -67.9313195435025 20.68855 4658741611444228480 -1
80.5626236230511 -67.9462480170081 20.68574 4658741370926239872 -1
80.4529786719829 -67.9598838752648 20.68479 4658741199127357568 -1
80.5134082565558 -67.9115168035772 20.6818 4658741714523538560 -1
80.5395742443584 -67.9162572399367 20.68078 4658741512646737920 -1
80.4940321152437 -67.9175582978522 20.68001 4658741680163219968 -1
80.4940089929093 -67.9242271734027 20.6791 4658741680163764864 -1
80.4859048532828 -67.914854715364 20.67811 4658741748883227008 -1
80.5667304503933 -67.9518707967175 20.67734 4658741375187878528 -1
80.5462170287541 -67.9491915687869 20.67713 4658741370926209664 -1
80.4574781857673 -67.9327281597725 20.67617 4658741611422550144 -1
80.5384091327961 -67.9247832029013 20.67615 4658741474005414912 -1
80.511610300779 -67.9666672660128 20.67541 4658741169049656192 -1
80.5168663755812 -67.9358102979397 20.67435 4658741581366215424 -1
80.4872986989654 -67.9662822706726 20.67268 4658741130407398016 -1
80.5054075965545 -67.9146516042034 20.67079 4658741714523521152 -1
80.594035943792 -67.9422436666395 20.66941 4658741405311708416 -1
80.5236830266572 -67.9329954817773 20.66809 4658741581366562304 -1
80.5181888125416 -67.9230771017058 20.6662 4658741684427601408 -1
80.4791970181068 -67.914908269797 20.66615 4658741753147637888 -1
80.5191476657188 -67.967357616673 20.66582 4658740962891283072 -1
80.5141473969506 -67.9527200980044 20.66575 4658741542724844928 -1
80.4785282154164 -67.953983010425 20.66493 4658741164746006656 -1
80.577698575592 -67.9200193283289 20.66476 4658742985859641600 -1
80.5342186341183 -67.9367465268225 20.6644 4658741370926191360 -1
80.4869030459553 -67.9158048180671 20.66214 4658741748883229312 -1
80.5503629249611 -67.9177833728758 20.66213 4658741508365174272 -1
80.5297173738783 -67.9505014013651 20.65855 4658741336566443904 -1
80.60267812081 -67.9357560011219 20.65706 4658741443909409536 -1
80.4901154653762 -67.9189674673854 20.6553 4658741748882691584 -1
80.5819906985452 -67.9483867180688 20.65526 4658741409567813760 -1
80.4576264051296 -67.9634393418622 20.65444 4658741199127365888 -1
80.5464804740854 -67.9340969957177 20.6511 4658741474005427200 -1
80.5667602123121 -67.9354527001801 20.64664 4658741474005463424 -1
80.5568309340895 -67.925886649016 20.6442 4658741508364578560 -1
80.4563753043065 -67.9217002826169 20.64407 4658741645803966208 -1
80.5493520907843 -67.9493989370355 20.64361 4658741375187840768 -1
80.5205399959695 -67.9444330177728 20.64355 4658741577084594560 -1
80.4595436036156 -67.9454656730453 20.64139 4658741237748721664 -1
80.5181262963899 -67.9529304767586 20.6411 4658741546986481408 -1
80.5048746413417 -67.9104868388052 20.63942 4658741714523520384 -1
80.5163094579364 -67.9434485976955 20.63723 4658741577084587136 -1
80.5771557166776 -67.9500453048592 20.63691 4658741306468413184 -1
80.5069549774646 -67.9265717950874 20.63652 4658741680163785216 -1
80.524808325883 -67.9233713076651 20.6361 4658741684445718144 -1
80.5223317224076 -67.9710698833211 20.63551 4658740958587707136 -1
80.5226944249387 -67.9364336120447 20.63506 4658741577084029696 -1
80.5845973996 -67.9438594426691 20.6346 4658741409567868672 -1
80.4765934293989 -67.9693505270204 20.63383 4658741130407919744 -1
80.4976006303603 -67.9316998055668 20.63337 4658741581366199424 -1
80.4902671748056 -67.9259735584489 20.63092 4658741577084544384 -1
80.5387439690811 -67.9597745804495 20.63011 4658741336566459648 -1
80.5030310235484 -67.9252753978743 20.62923 4658741684445720448 -1
80.5016225517414 -67.9449439639218 20.62794 4658741542724820608 -1
80.4867869505909 -67.9445987255535 20.62774 4658741542724795776 -1
80.5307499344311 -67.9545515595248 20.62674 4658741340848291072 -1
80.5883792941127 -67.9231169098564 20.62601 4658742917140185984 -1
80.5301796104397 -67.970517041932 20.62438 4658740958609689600 -1
80.5031268043539 -67.9382843897335 20.62412 4658741577084562304 -1
80.497662606547 -67.9493137223969 20.62345 4658741546989001344 -1
80.5680761825946 -67.9334885742008 20.62205 4658741478287041280 -1
80.4572559203378 -67.9471025110936 20.62063 4658741233487104896 -1
80.460604556274 -67.9625358994321 20.61863 4658741199126857216 -1
80.4830361335635 -67.9247037520706 20.61828 4658741645804006912 -1
80.5659983168808 -67.9324601932527 20.61237 4658741478287242496 -1
80.5572663947151 -67.9218291290616 20.61049 4658741508365186048 -1
80.521593939188 -67.9668428800071 20.60903 4658740962890958464 -1
80.5556116487167 -67.9532419182163 20.6088 4658741375208135680 -1
80.5034450490245 -67.9365644058103 20.60805 4658741577110325248 -1
80.5411455319584 -67.9317990800682 20.60646 4658741474005418496 -1
80.5520966640572 -67.9424643196766 20.60575 4658741375187825152 -1
80.5731770665141 -67.9693396792727 20.60531 4658741272128780800 -1
80.5822328131197 -67.9495592543838 20.60393 4658741306488599168 -1
80.6077020346587 -67.9522521571919 20.60361 4658741405311500288 -1
80.5432547984212 -67.9430851729151 20.60303 4658741370926205568 -1
80.5330676024975 -67.9638122152753 20.60234 4658740958608746240 -1
80.5426388429966 -67.9301115748723 20.60126 4658741474004830208 -1
80.483850321455 -67.938376828457 20.60102 4658741546989080960 -1
80.5471535194014 -67.9435986905461 20.59946 4658741370926212224 -1
80.4704359889157 -67.9345620570823 20.59899 4658741611422586624 -1
80.5122233729305 -67.9259703116325 20.59294 4658741680163795840 -1
80.468849416645 -67.9219817791303 20.59189 4658741645803984896 -1
80.474865498187 -67.9599679492008 20.5917 4658741130407390848 -1
80.5445043395346 -67.9263244555426 20.59109 4658741478287244416 -1
80.5452180179713 -67.9158414306024 20.58925 4658741508365164800 -1
80.5009866492884 -67.9359350017424 20.58913 4658741581348041600 -1
80.552643874221 -67.9434898424321 20.58797 4658741375208076800 -1
80.4728188441698 -67.9327961040514 20.58711 4658741615705842560 -1
80.5877706180712 -67.9451188842633 20.58671 4658741409567587328 -1
80.584943423446 -67.9458656737272 20.58624 4658741405311485952 -1
80.525653466527 -67.9738426173679 20.58578 4658740924227978496 -1
80.584918836999 -67.9231436157113 20.5851 4658742921376072192 -1
80.4542336570891 -67.9314237635748 20.58491 4658741615705809280 -1
80.4573332224765 -67.9301606455295 20.58398 4658741611444228736 -1
80.4982583848276 -67.9198997747859 20.5826 4658741684445719040 -1
80.4525655686877 -67.9411109174018 20.58133 4658741237769187456 -1
80.4694566784453 -67.9287818480656 20.5811 4658741645803463680 -1
80.4876169707957 -67.9234176075356 20.5811 4658741650065582208 -1
80.507363484541 -67.921445821764 20.58069 4658741680163788288 -1
80.545655933109 -67.9419386404241 20.57859 4658741370926209792 -1
80.452624296902 -67.9471895195845 20.57791 4658741233486590080 -1
80.4556918989076 -67.9279210633699 20.57742 4658741615726250112 -1
80.4829888815473 -67.9386970590944 20.57493 4658741542724790656 -1
80.4691389094371 -67.9350903196936 20.57371 4658741615726251008 -1
80.4870462869799 -67.9353237448437 20.57292 4658741577084944640 -1
80.4667090741019 -67.9371296109851 20.57079 4658741611444242432 -1
80.5031853288881 -67.9126254406864 20.56775 4658741714523517824 -1
80.5254862326258 -67.9280605653503 20.5668 4658741680163820928 -1
80.5258608863719 -67.9226443823664 20.56604 4658741680163822848 -1
80.5048742376754 -67.942494182129 20.5658 4658741546986424704 -1
80.4887007921239 -67.9451273927851 20.56531 4658741542724799744 -1
80.5955168881661 -67.9362418567816 20.56429 4658741439671232256 -1
80.5707845853741 -67.9464473001516 20.5618 4658741370951927424 -1
80.5778027323066 -67.9240326703457 20.56019 4658741508390892800 -1
80.5346192832671 -67.9558151835737 20.55756 4658741336566451840 -1
80.4624714316452 -67.9317767396136 20.55696 4658741615725915904 -1
80.5993900608416 -67.9280031667235 20.55655 4658741439671454336 -1
80.4995347924074 -67.9439979657846 20.55577 4658741542724272128 -1
80.5353816599974 -67.9573792112953 20.55533 4658741340848432768 -1
80.5212942437462 -67.9392582528377 20.55486 4658741577084596864 -1
80.5003317397979 -67.9367977543789 20.55477 4658741577084557568 -1
80.4971271550381 -67.9405284586996 20.55404 4658741542724813952 -1
80.5175354773907 -67.9384401732455 20.55393 4658741581366461824 -1
80.4566643292106 -67.9428971390751 20.55295 4658741233487104000 -1
80.5045529237245 -67.9130079809705 20.55265 4658741714523519872 -1
80.5475608375272 -67.9295854746019 20.55159 4658741478287020416 -1
80.5436662213772 -67.9377151761397 20.55152 4658741474004830976 -1
80.5173276980725 -67.9364390478477 20.54822 4658741577084590848 -1
80.4561999031203 -67.9482392030974 20.5475 4658741237769035008 -1
80.5520120297419 -67.9343136359022 20.54676 4658741474005436672 -1
80.516754454514 -67.9563232311512 20.54619 4658741542724848512 -1
80.5906493346943 -67.9221281737522 20.5459 4658742917140189824 -1
80.5081260065453 -67.9424011463866 20.54449 4658741542724834304 -1
80.5796535013372 -67.9493668173686 20.54415 4658741302232466944 -1
80.5356973879781 -67.9700706418785 20.54401 4658740958609330688 -1
80.5631404811369 -67.9488003203904 20.544 4658741370926240896 -1
80.5136906789833 -67.9541246033692 20.54295 4658741546986472320 -1
80.4521092696833 -67.9236036719027 20.54292 4658741645803450240 -1
80.5797024996207 -67.9462818772739 20.54147 4658741409547622400 -1
80.4392933445387 -67.934521962293 20.53669 4658741611444199552 -1
80.5664983422169 -67.9693771428793 20.53646 4658741267847030272 -1
80.4714619425818 -67.9677084253081 20.53473 4658741130407388416 -1
80.477760989778 -67.91917756059 20.53261 4658741748883214976 -1
80.5561109944071 -67.9706379313149 20.53194 4658740958609366656 -1
80.5632924711498 -67.9383608314591 20.53171 4658741474005457152 -1
80.5199948713998 -67.9623048859738 20.53137 4658740962891281024 -1
80.4609701465264 -67.9217857048096 20.52863 4658741645803972480 -1
80.5391470699176 -67.9532433583941 20.52856 4658741340848081280 -1
80.5768337749939 -67.9490730744954 20.52697 4658741302232461184 -1
80.4693324058576 -67.925400753729 20.52607 4658741645803985792 -1
80.5639242838868 -67.9554492172721 20.52598 4658741370926241920 -1
80.538121264876 -67.9131639645572 20.52414 4658741714523584128 -1
80.5486839619025 -67.9462002621156 20.52401 4658741370926215296 -1
80.5513478312 -67.9464729149715 20.52335 4658741375207824768 -1
80.5769451407645 -67.9333836913063 20.5222 4658741512646980352 -1
80.5525366006813 -67.9131804534597 20.51982 4658742990097666304 -1
80.5598707734522 -67.9448088247235 20.51968 4658741370925626752 -1
80.4700991636984 -67.9433727193984 20.51551 4658741615705855744 -1
80.5361749236425 -67.9735831934012 20.51422 4658740958609332096 -1
80.4884390475049 -67.9352873331175 20.51044 4658741577084538624 -1
80.5368625319375 -67.9277800733441 20.50888 4658741474005411840 -1
80.5472992160037 -67.9384742110483 20.50878 4658741474005428224 -1
80.4821414717429 -67.9438214079623 20.50766 4658741542724788992 -1
80.4460752669643 -67.9333597427211 20.50724 4658741611444211328 -1
80.593644318116 -67.9238508808844 20.50437 4658742917140194816 -1
80.5012675729096 -67.936364373868 20.50309 4658741581366463616 -1
80.491592564055 -67.9245292581051 20.50248 4658741577062908160 -1
80.5373560257167 -67.9619726579917 20.50042 4658741336566456832 -1
80.5005246526039 -67.9686572526599 20.4998 4658741130407411200 -1
80.5020594034873 -67.9268838352181 20.49928 4658741577084561152 -1
80.5460607080685 -67.9693804793589 20.49905 4658740958609702912 -1
80.4989746826096 -67.9494708531226 20.49901 4658741542724816384 -1
80.4797889129309 -67.9302741627381 20.49877 4658741645804002432 -1
80.5395281414929 -67.9417397499679 20.49866 4658741375207811456 -1
80.48660670212 -67.923515369899 20.49858 4658741650065582464 -1
80.4906698856542 -67.9266472058256 20.49736 4658741577062902784 -1
80.522191156469 -67.9103274646681 20.49674 4658741714523928832 -1
80.5855269278869 -67.9323008642625 20.49134 4658741443927547392 -1
80.5618742161785 -67.9636773858768 20.48947 4658741336566499072 -1
80.5398500108934 -67.9553709798841 20.48937 4658741336592144896 -1
80.4923046956512 -67.9272812431645 20.48707 4658741577062907136 -1
80.513408674902 -67.9202942945331 20.48672 4658741680163799552 -1
80.4517422878006 -67.9536529762897 20.48364 4658741199127357056 -1
80.5121520616805 -67.9287153794199 20.48356 4658741684445678080 -1
