notebooks/DrizzlePac/using_updated_astrometry_solutions/ref_cat_None.ecsv
# %ECSV 0.9
# ---
# datatype:
# - {name: RA, datatype: float64}
# - {name: DEC, datatype: float64}
# - {name: mag, datatype: float32}
# - {name: objID, datatype: string}
# - {name: GaiaID, datatype: string}
# meta: !!omap
# - {catalog: GAIADR2}
# - {gaia_only: false}
# schema: astropy-2.0
RA DEC mag objID GaiaID
[from data line 1441]
80.5684251457211 -67.9361997528506 19.07228 4658741474004643584 -1
80.5317937015717 -67.9472386489687 19.06552 4658741370925415680 -1
80.5668456030566 -67.9341539815968 19.06172 4658741474004643328 -1
80.5834405042674 -67.9665971880012 19.06055 4658741267825515520 -1
80.5760459895366 -67.9367386828654 19.05485 4658741473965694976 -1
80.506565078925 -67.9166678087601 19.05228 4658741680142168448 -1
80.4932196411887 -67.9406119343999 19.05186 4658741542724262784 -1
80.5228511634948 -67.9523205394206 19.05177 4658741547006499072 -1
80.5931818798686 -67.9374105582111 19.05124 4658741439671144704 -1
80.5023681113908 -67.9567483975474 19.05069 4658741164767699200 -1
80.5884771409742 -67.9373498293612 19.05017 4658741439671142912 -1
80.5824857145619 -67.923627984781 19.04837 4658741508390615808 -1
80.5399522244809 -67.9425969065585 19.04755 4658741370925420544 -1
80.5344735550746 -67.9730997263427 19.04709 4658740958608556032 -1
80.4504970801708 -67.9244797979001 19.04284 4658741645782271104 -1
80.5928894409741 -67.9497857746283 19.03822 4658741405311406208 -1
80.5924812028533 -67.9518028841171 19.03385 4658741409547647104 -1
80.587289895961 -67.9468385288581 19.03315 4658741409567903744 -1
80.4497366689323 -67.9474553721416 19.02988 4658741237768797184 -1
80.4488774992845 -67.949335897122 19.02928 4658741233486587136 -1
80.5492312131877 -67.9203968108134 19.02544 4658741512646751360 -1
80.5151937851238 -67.9742225155599 19.02474 4658740928531223168 -1
80.5617128879131 -67.9360000627737 19.02399 4658741474004641536 -1
80.4540895354476 -67.9597407744305 19.02345 4658741203409071232 -1
80.5077231616187 -67.9576934933278 19.02054 4658741164766973440 -1
80.4905683649255 -67.95884672775 19.02038 4658741169049355776 -1
80.4701389388804 -67.9621259777997 19.0197 4658741203409082112 -1
80.5811177417614 -67.9624539276639 19.01889 4658741272128641536 -1
80.4799746146782 -67.9387609410674 19.01768 4658741611443560704 -1
80.6042033312224 -67.9341282755015 19.01092 4658741439624257792 -1
80.453172893203 -67.9536481376455 19.00834 4658741203409067520 -1
80.4885608332118 -67.9480561776334 19.00784 4658741547006467072 -1
80.5532834463544 -67.9416492065933 19.00415 4658741370886459904 -1
80.5484546634268 -67.9267543823996 19.00216 4658741474004638080 -1
80.4669392429621 -67.9290111669714 18.99468 4658741645803295104 -1
80.4583772566349 -67.9391515041054 18.99287 4658741611422551040 -1
80.5895258506334 -67.9205839609342 18.99052 4658742917139854720 -1
80.5591916463046 -67.9472986086149 18.98993 4658741375187854208 -1
80.4590850925221 -67.9519070393645 18.98976 4658741233486594432 -1
80.5306037922434 -67.9314965791122 18.98442 4658741684445437056 -1
80.4895554837135 -67.9580541746692 18.98249 4658741169049560960 -1
80.5556005906809 -67.925235441086 18.97725 4658741512646761088 -1
80.5342896997595 -67.973851105187 18.97602 4658740962890977152 -1
80.5513017714389 -67.9484964356104 18.97523 4658741370925423872 -1
80.5027258726451 -67.9613185520835 18.97471 4658741164793297792 -1
80.5660892139744 -67.9458339854937 18.97156 4658741375187864704 -1
80.5708903317418 -67.9661622120248 18.97049 4658741267872410112 -1
80.5155059412034 -67.9471391124862 18.9658 4658741547006485888 -1
80.5381313079458 -67.9687672818544 18.96326 4658740958608557952 -1
80.4965722829406 -67.960341163723 18.95997 4658741169029319040 -1
80.5056896364167 -67.9371841256528 18.95994 4658741577083833088 -1
80.5849714778022 -67.951079447514 18.95696 4658741302185257216 -1
80.5343473603014 -67.9659627280726 18.95458 4658740958572743168 -1
80.4892050575221 -67.9290049279224 18.954 4658741577083826560 -1
80.556477802377 -67.9249511705991 18.95313 4658741508364279936 -1
80.488670396547 -67.9205155780121 18.9516 4658741748861590016 -1
80.4964448414741 -67.9585687017102 18.94744 4658741164767144832 -1
80.5094001171896 -67.9398706825166 18.945 4658741577110084224 -1
80.5030066625914 -67.9631718291166 18.94398 4658741164766887680 -1
80.577297533854 -67.9429215985816 18.94249 4658741405246191616 -1
80.5160034333599 -67.9519913608448 18.94236 4658741542724100736 -1
80.5573394293837 -67.9502695480017 18.93587 4658741375187860096 -1
80.5202318719588 -67.952767392776 18.93546 4658741546986481664 -1
80.5790827278718 -67.9515153233373 18.93541 4658741302232184448 -1
80.5460723571438 -67.9209699915012 18.93408 4658741508364375296 -1
80.5053048007584 -67.9639351612461 18.93348 4658741164766971776 -1
80.5397594963049 -67.9158621097125 18.93337 4658741508365156096 -1
80.4684411952434 -67.9528443684441 18.93201 4658741233486435072 -1
80.5343409419118 -67.9708890275337 18.92925 4658740962890975104 -1
80.562466071599 -67.9456723949248 18.92726 4658741375207834112 -1
80.5529939364449 -67.9538033677206 18.92385 4658741370925325696 -1
80.5497210805673 -67.9436453966339 18.92338 4658741370925325056 -1
80.4720098728688 -67.9596407105837 18.92232 4658741199090897920 -1
80.5199201574683 -67.9388746308915 18.92036 4658741577083841536 -1
80.5938001064339 -67.9457691612241 18.91246 4658741405311406592 -1
80.5906772958174 -67.9404823973484 18.91068 4658741405247624576 -1
80.5706686160815 -67.952787036369 18.90914 4658741370951624960 -1
80.4561251991969 -67.9516298662193 18.90634 4658741233486431232 -1
80.496824352879 -67.9582408754427 18.90552 4658741169049561344 -1
80.5427256952766 -67.9658747705272 18.90185 4658740962891134464 -1
80.5512767739944 -67.9699620623947 18.90164 4658740962890985088 -1
80.5918221607118 -67.9505279458956 18.90041 4658741409567592192 -1
80.497255422958 -67.9458904869702 18.89853 4658741542724007680 -1
80.6050726316679 -67.9351359208832 18.89548 4658741443927327488 -1
80.5191003021068 -67.9361269146692 18.89501 4658741581346177408 -1
80.5758744180567 -67.9506474349168 18.89306 4658741306488369280 -1
80.4750843966937 -67.9480142769338 18.89201 4658741233486356992 -1
80.4747059122365 -67.9375228641002 18.89136 4658741611443558400 -1
80.4534311225573 -67.9352608577461 18.88972 4658741615725914496 -1
80.5724124005062 -67.9267965472127 18.87772 4658741508343660288 -1
80.593547214265 -67.9625345899756 18.87425 4658741306488385664 -1
80.4685040450248 -67.9484994561585 18.86923 4658741233486435200 -1
80.5465745810613 -67.9185317297765 18.86798 4658741508364278144 -1
80.4736043488285 -67.9325504569877 18.86493 4658741615725924352 -1
80.4870298013347 -67.930601229333 18.86193 4658741577083742464 -1
80.4817229590434 -67.9277992285437 18.85468 4658741645782359296 -1
80.5541500466011 -67.9429554247748 18.85448 4658741370887883392 -1
80.5488782976845 -67.9183422333433 18.85376 4658741508364278784 -1
80.5057344592337 -67.9344506346639 18.85282 4658741577083833216 -1
80.5572570510367 -67.9558929100891 18.84941 4658741340848100352 -1
80.5009319700097 -67.9444918827039 18.84911 4658741547006472064 -1
80.5706677658519 -67.9688446680588 18.84898 4658741267872443520 -1
80.5805854925926 -67.9446414408132 18.83725 4658741405311399808 -1
80.4564382357669 -67.948665775929 18.8366 4658741233486354304 -1
80.4817611717193 -67.9223461371581 18.83122 4658741650085659136 -1
80.5901318295718 -67.9612454813154 18.82933 4658741302232151552 -1
80.5746811977421 -67.9622475639923 18.82834 4658741272108688896 -1
80.5930923458553 -67.9626940015985 18.8246 4658741306468448384 -1
80.4700435831609 -67.9403045670652 18.8229 4658741611443557504 -1
80.4853806314581 -67.9537497329203 18.8221 4658741164766963584 -1
80.4850404475327 -67.9239162750284 18.82044 4658741650065582336 -1
80.4506144099237 -67.9455182947138 18.81854 4658741233465408896 -1
80.5895754332512 -67.949089357184 18.81216 4658741405264482944 -1
80.4735688802272 -67.9224649618475 18.81068 4658741645782333824 -1
80.4984021931785 -67.928660496026 18.80669 4658741581346132736 -1
80.5034555254444 -67.9595144210006 18.80508 4658741169049561984 -1
80.4955618394738 -67.9545762853821 18.80475 4658741164767144320 -1
80.4948767622908 -67.938088512383 18.80359 4658741542724090496 -1
80.574785979339 -67.9210824936406 18.8032 4658741508326878976 -1
80.4967037283742 -67.9614010757865 18.80248 4658741169029334656 -1
80.4723544422682 -67.9489616368276 18.80218 4658741233486356480 -1
80.5614363615016 -67.9436501688926 18.79957 4658741375207831168 -1
80.6088590527427 -67.948831892033 18.79836 4658741409547661696 -1
80.5192757235718 -67.95444417827 18.79808 4658741547006497920 -1
80.501787845902 -67.9603713556561 18.79185 4658741169049364224 -1
80.49901087995 -67.9591075598047 18.79154 4658741164746067328 -1
80.4906389199868 -67.9583387700144 18.79144 4658741164767138048 -1
80.5396631394697 -67.9578789178489 18.79109 4658741336565680896 -1
80.5209975046976 -67.9671353597176 18.7908 4658740958608459776 -1
80.4871582562686 -67.9361084897947 18.78917 4658741547006457344 -1
80.5979514088276 -67.9521137124471 18.77865 4658741405311407872 -1
80.4816353042614 -67.9485517219207 18.77662 4658741164766962304 -1
80.6050133187948 -67.9330484462602 18.77591 4658741439671106816 -1
80.4825856258036 -67.9529452141658 18.77242 4658741164766962816 -1
80.4791936089614 -67.9403059100468 18.7711 4658741615705864832 -1
80.4892088913521 -67.9558726322681 18.77109 4658741164766965632 -1
80.521523278392 -67.9477244379624 18.77083 4658741546986472960 -1
80.4742635537522 -67.9340065371063 18.76536 4658741611422599936 -1
80.5649032058495 -67.9473878481251 18.76452 4658741375207836032 -1
80.4974345939469 -67.95485354389 18.76378 4658741164767146112 -1
80.6056976972816 -67.9457481552788 18.76374 4658741405264521472 -1
80.5014326053595 -67.9586361625086 18.75813 4658741164767150720 -1
80.5309684833151 -67.9533218755143 18.75215 4658741336544851968 -1
80.476067470057 -67.9565368496534 18.75133 4658741164746003968 -1
80.515808824969 -67.9402131174005 18.75017 4658741577083838336 -1
80.4499925708983 -67.9330133220424 18.75 4658741611443551232 -1
80.5767333184431 -67.9544606552846 18.74961 4658741302232183296 -1
80.4764105559872 -67.9491593493467 18.74935 4658741233486436864 -1
80.4968856965456 -67.9619693942094 18.74835 4658741164766968832 -1
80.4429260526766 -67.9510060003767 18.74687 4658741199105653248 -1
80.4423661510696 -67.937034045695 18.74545 4658741233486352256 -1
80.4926362976654 -67.9316479691836 18.74353 4658741577083744512 -1
80.4641688257051 -67.9199935852672 18.7415 4658741645782309888 -1
80.4994927407783 -67.9515636687941 18.74106 4658741542724008448 -1
80.5148634321542 -67.9401170471036 18.73951 4658741581346178944 -1
80.5924825257903 -67.9515255056388 18.73857 4658741409567593728 -1
80.5354889710655 -67.9447874023504 18.73799 4658741370904603904 -1
80.5208997230608 -67.9497281422505 18.7309 4658741546986477440 -1
80.4500603909766 -67.939264157361 18.72831 4658741233486428800 -1
80.4694702122058 -67.9433492358189 18.72751 4658741615725929984 -1
80.5499740126269 -67.9352029101396 18.72662 4658741473983862016 -1
80.5291954109293 -67.949678657063 18.72541 4658741340848072192 -1
80.5862007254524 -67.942923743957 18.72526 4658741405311403136 -1
80.4849641912238 -67.9415876626331 18.72429 4658741542724085760 -1
80.5009185536887 -67.9483190638323 18.71683 4658741546986429440 -1
80.4903575650038 -67.9483709025615 18.71644 4658741542724088320 -1
80.452121718316 -67.9518047924351 18.71584 4658741237769034752 -1
80.4933589584675 -67.952929795812 18.71476 4658741169029301760 -1
80.4409769295187 -67.9368835079773 18.71355 4658741237768786048 -1
80.5531358047426 -67.9393805542157 18.70849 4658741474004541184 -1
80.4848657016223 -67.9265173686361 18.70026 4658741645803300992 -1
80.5057003842519 -67.9585071257847 18.69126 4658741169049562112 -1
80.4627240916683 -67.9535591769182 18.68957 4658741233486433024 -1
80.5207868997457 -67.9500753809752 18.6891 4658741547006495360 -1
80.5509813556531 -67.9315205061 18.68701 4658741478287025792 -1
80.4757498010124 -67.9346114609566 18.68655 4658741611443559168 -1
80.4510898728208 -67.9388812742618 18.6838 4658741233487094528 -1
80.5152082068406 -67.9496879570543 18.67537 4658741547006490368 -1
80.5145319321263 -67.9470801811685 18.67398 4658741546986458752 -1
80.4958721351084 -67.9567899345699 18.67317 4658741164767144192 -1
80.4956883621826 -67.9423995429271 18.67237 4658741546986412032 -1
80.5554111673586 -67.951872430724 18.66831 4658741370904659328 -1
80.4888491579024 -67.9518065734232 18.66804 4658741164766965120 -1
80.4955519550092 -67.9607237508926 18.66369 4658741169029321472 -1
80.5695324593998 -67.9493285895028 18.66325 4658741375207841792 -1
80.490054013689 -67.9429991678525 18.65911 4658741542703164544 -1
80.4907686690341 -67.9316056719461 18.65859 4658741581366194816 -1
80.5019297225185 -67.9638462839396 18.65615 4658741164766971008 -1
80.5156615638761 -67.9226040174175 18.65452 4658741680163054592 -1
80.5994496814635 -67.9284742877054 18.65312 4658741439605990400 -1
80.5855800541211 -67.9399891664936 18.64841 4658741405311402752 -1
80.6087412832591 -67.9378394632665 18.64759 4658741439671107456 -1
80.4539757872478 -67.9310535208361 18.64619 4658741615725911552 -1
80.5503535813528 -67.9493750825138 18.64604 4658741375187840896 -1
80.5108938244009 -67.9702464222382 18.6429 4658741130386365824 -1
80.5730871995429 -67.9474986343926 18.63831 4658741306468400256 -1
80.5450613540361 -67.9466119481119 18.63767 4658741370887877888 -1
80.4459463663116 -67.9515422556063 18.63552 4658741199126689280 -1
80.5214664507758 -67.9429492726399 18.63395 4658741581346201600 -1
80.6063799264403 -67.9484744336557 18.63121 4658741405264523648 -1
80.4925367852992 -67.9561402798527 18.6272 4658741169049560832 -1
80.6080092565713 -67.9467360196193 18.62597 4658741409567598720 -1
80.5623452431941 -67.9529733561419 18.62214 4658741375207839488 -1
80.4736304550406 -67.9441002061529 18.61297 4658741615725931904 -1
80.5082023839895 -67.9463128048809 18.61095 4658741547006478848 -1
80.474495018133 -67.9473327965141 18.60961 4658741233486356864 -1
80.5150508099221 -67.9719290384716 18.60786 4658741130369664384 -1
80.5876175921684 -67.9436201728969 18.60742 4658741405311404416 -1
80.5996903160565 -67.9424901279726 18.60643 4658741405264508288 -1
80.4843474903791 -67.9691508709867 18.60558 4658741130407142656 -1
80.5821958070216 -67.9542559942078 18.60533 4658741302232185984 -1
80.4954334742156 -67.9370564922727 18.6042 4658741581346142464 -1
80.4829499625878 -67.9476303266348 18.6041 4658741164731160960 -1
80.5269723296598 -67.9224057914477 18.60287 4658741684445425664 -1
80.593671522992 -67.953538634284 18.60262 4658741306468435840 -1
80.4585427527449 -67.9520913273648 18.60257 4658741237769036032 -1
80.4873777676995 -67.9581783579608 18.59771 4658741169029305216 -1
80.4889969203475 -67.9298280114192 18.58429 4658741577062896896 -1
80.5050307218328 -67.9426936107488 18.58323 4658741547006473856 -1
80.5156158634162 -67.9216038073417 18.58083 4658741680189267328 -1
80.531724672041 -67.967218486918 18.57875 4658740958635526656 -1
80.5138313056669 -67.931707391801 18.5771 4658741581366208896 -1
80.5876621905493 -67.9606342638131 18.57481 4658741302185262976 -1
80.5783835461622 -67.9229199900211 18.57419 4658741508390613760 -1
80.5986439641038 -67.9596068267093 18.57319 4658741302232193152 -1
80.5732827904854 -67.9346781758733 18.57181 4658741478287047680 -1
80.4928675820882 -67.9309190883315 18.56797 4658741577083827968 -1
80.6025891659754 -67.9431743732661 18.56675 4658741405264512768 -1
80.5924184029349 -67.9440897006628 18.56047 4658741405264490624 -1
80.4579849054851 -67.9459728652604 18.56007 4658741233465431040 -1
80.5902589595772 -67.9568221304089 18.55383 4658741302166918784 -1
80.4919627986736 -67.9544386238216 18.54655 4658741164731163520 -1
80.5020748411235 -67.9612058900006 18.54623 4658741164766971136 -1
80.4949898423092 -67.947968387222 18.54377 4658741542724090112 -1
80.5983327336102 -67.9537738945475 18.52886 4658741302232192896 -1
80.4781531595805 -67.9317766082763 18.52447 4658741645767497216 -1
80.5465340128199 -67.9156786260786 18.52299 4658741508364375680 -1
80.4624550453873 -67.9319793402243 18.52185 4658741611443555200 -1
80.5247978997731 -67.9496134745048 18.52172 4658741542724104960 -1
