notebooks/DrizzlePac/using_updated_astrometry_solutions/ref_cat_None.ecsv
# %ECSV 0.9
# ---
# datatype:
# - {name: RA, datatype: float64}
# - {name: DEC, datatype: float64}
# - {name: mag, datatype: float32}
# - {name: objID, datatype: string}
# - {name: GaiaID, datatype: string}
# meta: !!omap
# - {catalog: GAIADR2}
# - {gaia_only: false}
# schema: astropy-2.0
RA DEC mag objID GaiaID
[from data line 721]
80.5185673206453 -67.9546422967964 20.19077 4658741546986484480 -1
80.5196721962264 -67.9580346732445 20.18983 4658741164793299968 -1
80.4546134046842 -67.9569487753781 20.18637 4658741203391693056 -1
80.5874194318983 -67.9335051344774 20.18629 4658741439671225728 -1
80.4740173045566 -67.9168305398424 20.18526 4658741753165109504 -1
80.5165318350696 -67.9558380034439 20.18482 4658741542724284544 -1
80.5506231728221 -67.9388524770168 20.18383 4658741474005434112 -1
80.4828771326154 -67.9364332305373 20.18005 4658741611444267520 -1
80.4903395520085 -67.9314815501332 20.17911 4658741581346128000 -1
80.464131607157 -67.9260176551058 20.179 4658741645803458944 -1
80.43874146289 -67.9500790915589 20.17866 4658741199105641728 -1
80.5212492055153 -67.9409686269975 20.17366 4658741581366510208 -1
80.4459399867717 -67.9351763913507 20.17166 4658741611443706496 -1
80.5709760043481 -67.9374137579166 20.17031 4658741474030953728 -1
80.4896040400241 -67.9474973530515 20.1698 4658741542724801920 -1
80.5544218436143 -67.9211004749992 20.16959 4658741508364576768 -1
80.5021576647947 -67.9142074930534 20.16828 4658741684445405568 -1
80.4910851614365 -67.9440580851593 20.1667 4658741546986409216 -1
80.5146177380037 -67.9219495883038 20.16487 4658741680163801216 -1
80.5045290158927 -67.9463453277769 20.16221 4658741542724275840 -1
80.5504102126325 -67.9712299053821 20.16177 4658740958608562432 -1
80.5078618364899 -67.9519251383619 20.16164 4658741547006485248 -1
80.551478826011 -67.9292992521193 20.15724 4658741474004835840 -1
80.5347855543007 -67.9271836307272 20.15627 4658741473983818880 -1
80.5583319174174 -67.9418014641776 20.15587 4658741478287041792 -1
80.4693067525282 -67.9360122041475 20.15446 4658741611443724800 -1
80.4700732461594 -67.9384343177627 20.15226 4658741615705848704 -1
80.591848746731 -67.9330923455383 20.1517 4658741439671202048 -1
80.502763749461 -67.9444163590478 20.1512 4658741542724274176 -1
80.5407793685831 -67.942551236762 20.15116 4658741375207812608 -1
80.5229693676818 -67.9515126070018 20.14851 4658741547006498304 -1
80.5659626556523 -67.9446461907355 20.14841 4658741375187863168 -1
80.4638048466849 -67.9602795861057 20.14773 4658741199105704704 -1
80.5402591260248 -67.9529538669226 20.14672 4658741340828092032 -1
80.5434278666991 -67.9567269781121 20.14161 4658741336565876608 -1
80.5393829209154 -67.9384396165 20.14056 4658741375207807360 -1
80.4662764678746 -67.9475956283784 20.1403 4658741233487118976 -1
80.5983845984761 -67.9420718877859 20.139 4658741405311495552 -1
80.5151025012528 -67.9100857008427 20.13786 4658741714523541376 -1
80.5215768486423 -67.9654083544425 20.13778 4658740962890957440 -1
80.5554865254519 -67.9619649729285 20.13759 4658741340848256896 -1
80.4517731903233 -67.9401471454055 20.13731 4658741237748695808 -1
80.5949234746776 -67.9255643883145 20.13255 4658742917139981696 -1
80.5012265620417 -67.9136266209824 20.13193 4658741680163227264 -1
80.5885462981682 -67.9210671861582 20.13158 4658742917139976448 -1
80.4999723058795 -67.9351449978426 20.13013 4658741577084011008 -1
80.5602495954036 -67.9420360887801 20.12968 4658741478267057792 -1
80.4980469590156 -67.9709817144186 20.12722 4658741130407407616 -1
80.5880981201124 -67.9563729230747 20.12457 4658741302232273536 -1
80.4726092021678 -67.9311537595821 20.12427 4658741645782329728 -1
80.5727146877016 -67.9606077415788 20.12304 4658741267872524416 -1
80.5106600375248 -67.9447639486248 20.12174 4658741542724280448 -1
80.5173146325238 -67.9529358166626 20.12089 4658741542724284928 -1
80.5105850666192 -67.9226986304309 20.12001 4658741684425355264 -1
80.5861072049719 -67.9489354818173 20.11953 4658741405311486720 -1
80.482502601765 -67.9230791225786 20.11911 4658741645803300480 -1
80.5871915634922 -67.9458757304425 20.11392 4658741405311696384 -1
80.5567149447132 -67.9343329645319 20.11078 4658741473983879296 -1
80.519895118136 -67.9232822864389 20.10486 4658741680163242752 -1
80.5223132946081 -67.956031312927 20.10442 4658741547006501504 -1
80.4514123192621 -67.95623683341 20.10427 4658741203388992128 -1
80.5773238554472 -67.943798946454 20.10313 4658741405311677440 -1
80.4900376780604 -67.932167594252 20.10246 4658741581348043392 -1
80.5068289326963 -67.9532335307327 20.09799 4658741542724277248 -1
80.4719198883715 -67.9578208625934 20.09765 4658741199126697344 -1
80.5256702038916 -67.9270493996725 20.09728 4658741680142220416 -1
80.5257430302395 -67.9664682387265 20.09622 4658740958608740096 -1
80.4903829372697 -67.9371251857501 20.09269 4658741542724260736 -1
80.4575831580212 -67.9516052692687 20.09156 4658741237749578112 -1
80.454492880953 -67.9543669306722 20.08896 4658741203409297408 -1
80.512385806246 -67.9243167595202 20.08842 4658741680163796608 -1
80.566340586684 -67.9625068817967 20.0862 4658741336565891840 -1
80.4465924152768 -67.938275886171 20.0843 4658741233486585216 -1
80.516419714033 -67.9607139873643 20.08092 4658741164767161984 -1
80.4853008196646 -67.9376721940841 20.07918 4658741542724794368 -1
80.4642160262292 -67.9490090481117 20.07577 4658741233487115520 -1
80.4685036643605 -67.9520051989988 20.07178 4658741233487122944 -1
80.5220047071366 -67.955922343348 20.07149 4658741542724289664 -1
80.5350782105578 -67.9611637536916 20.07053 4658741336565869952 -1
80.5331470783546 -67.9370263451007 20.07029 4658741370925608064 -1
80.5155965980331 -67.9617579982905 20.06791 4658741164767000832 -1
80.5885085634719 -67.9511172045923 20.06749 4658741302232273920 -1
80.5761845787319 -67.9365087443464 20.06631 4658741478287051648 -1
80.493161120254 -67.9628498782926 20.0643 4658741169049362816 -1
80.4599172264583 -67.950525675216 20.06421 4658741237750662400 -1
80.4918172194634 -67.9640148530175 20.0642 4658741130407944448 -1
80.5280213894417 -67.9300272026856 20.06357 4658741680142229632 -1
80.4676633239622 -67.9461813866974 20.06332 4658741233487121280 -1
80.481400536024 -67.9430751590084 20.06314 4658741547006458496 -1
80.4519953086276 -67.9302104582906 20.06228 4658741611443712256 -1
80.5191340135589 -67.9542242530463 20.06182 4658741542724286720 -1
80.470817252949 -67.941332933839 20.06174 4658741611443726208 -1
80.4946116535004 -67.9526686540574 20.0615 4658741169031879424 -1
80.5663716631241 -67.9452072431132 20.05913 4658741370926247168 -1
80.603466831598 -67.9398382498702 20.05874 4658741439671202176 -1
80.5198158887848 -67.9522811041527 20.05798 4658741542724287872 -1
80.5186850190256 -67.9445047107996 20.05737 4658741547006488960 -1
80.4781571880065 -67.9215991057715 20.05281 4658741650065565824 -1
80.564779919975 -67.9337345185456 20.05153 4658741478287038592 -1
80.4645717501589 -67.9222855686744 20.05132 4658741645803459328 -1
80.6025110443689 -67.9305888333557 20.04656 4658741443927324032 -1
80.4669427286741 -67.9522122643383 20.04466 4658741237749579648 -1
80.5128523693274 -67.9404782075317 20.0439 4658741577084020224 -1
80.4608307484842 -67.9266367947849 20.04333 4658741650085987840 -1
80.5568676158294 -67.948978566101 20.0409 4658741370925642624 -1
80.4475412675263 -67.9373696968641 20.04063 4658741611443708544 -1
80.5208596043234 -67.9436000476609 20.04059 4658741577062994688 -1
80.5163692019632 -67.9658613925674 20.03609 4658741169049383936 -1
80.478227916142 -67.9342482956954 20.03571 4658741615725929600 -1
80.6104490127767 -67.9369826455013 20.03472 4658741439671239808 -1
80.5116953997627 -67.9412659638857 20.03012 4658741581366216448 -1
80.5377623901142 -67.931134730611 20.02992 4658741474004826368 -1
80.4663682135107 -67.9263937484621 20.02967 4658741645803460480 -1
80.5739793227196 -67.9400502724641 20.02962 4658741474030955136 -1
80.547518947734 -67.9116098097443 20.02816 4658742985833125888 -1
80.5464956501128 -67.9371924963273 20.02713 4658741474004832000 -1
80.5345767697476 -67.941915675529 20.02599 4658741370925608576 -1
80.5570316338621 -67.9488446583429 20.02288 4658741375207832704 -1
80.5332364311722 -67.9347816129383 20.02201 4658741474005404032 -1
80.4925742566443 -67.9389615004556 20.02141 4658741542724808192 -1
80.5068499329301 -67.9418803915142 20.01836 4658741542724122496 -1
80.5889091583814 -67.9542808605744 20.01804 4658741302232274304 -1
80.4523634065257 -67.9546782721362 20.0147 4658741199126851072 -1
80.5564229924473 -67.9406055980331 20.01452 4658741478287037952 -1
80.4892429614299 -67.9504061275745 20.01438 4658741164767677952 -1
80.4714965927308 -67.9469167873632 20.00305 4658741233487127552 -1
80.4481254826178 -67.9489046719423 19.99988 4658741237749574784 -1
80.4376671836577 -67.947408095949 19.99952 4658741233486578304 -1
80.5002187827038 -67.9341094871663 19.99909 4658741577084011264 -1
80.5776364487732 -67.9503812122122 19.99818 4658741306488370048 -1
80.4511066901617 -67.9307708844793 19.9979 4658741611443711360 -1
80.5414334626594 -67.9538859235267 19.99668 4658741336565875200 -1
80.5753875188164 -67.9233775705293 19.99626 4658741508390693888 -1
80.4878369390216 -67.9341316467203 19.99613 4658741577084537216 -1
80.5242889116506 -67.9227139593646 19.99598 4658741680163246208 -1
80.4763220552008 -67.9419247680121 19.99547 4658741615726158336 -1
80.5864913224188 -67.9198555981526 19.99502 4658742917139974784 -1
80.4931380108175 -67.9150224792418 19.99425 4658741684425314176 -1
80.5225414927711 -67.945730066327 19.99366 4658741547006773248 -1
80.5582432067115 -67.9354906844878 19.99284 4658741478287035520 -1
80.4684702331043 -67.9605539116731 19.99144 4658741199126696192 -1
80.4956514063208 -67.949763225308 19.98332 4658741542724812032 -1
80.4792259139304 -67.9449294457319 19.98277 4658741611422615296 -1
80.5065639455578 -67.9243198866793 19.9816 4658741680163049216 -1
80.5910739683347 -67.9526413556586 19.98105 4658741302232275968 -1
80.472103055855 -67.9231453140217 19.9772 4658741645803465856 -1
80.4991188473569 -67.9511844951199 19.9733 4658741542724271360 -1
80.4561176803399 -67.9255666313216 19.97299 4658741645803453952 -1
80.5240826957053 -67.9350924068214 19.97251 4658741581366218880 -1
80.5257698241477 -67.9475200670973 19.96762 4658741547006495104 -1
80.4580389276965 -67.9283054364466 19.96762 4658741611443716608 -1
80.4754921880666 -67.9402295420105 19.96664 4658741611443728768 -1
80.4649997047378 -67.9520637696852 19.96513 4658741237751358336 -1
80.5762448167697 -67.9661067609661 19.96066 4658741272128641280 -1
80.5092130093346 -67.948592275345 19.9602 4658741547006482560 -1
80.5672805705421 -67.9473313882972 19.96015 4658741375187868288 -1
80.4759364229452 -67.9417244198666 19.95967 4658741615706701184 -1
80.511372659416 -67.9683341476091 19.95662 4658741164766975744 -1
80.5337667933645 -67.9563852377107 19.95646 4658741340848080256 -1
80.5420874012815 -67.9392770848287 19.95625 4658741375207810176 -1
80.5578644059557 -67.9450019597744 19.95622 4658741370904663680 -1
80.5305989569216 -67.9249224267723 19.95483 4658741680163251072 -1
80.4834086004396 -67.9572309120192 19.95479 4658741164767668224 -1
80.4876994285662 -67.9543016459958 19.95404 4658741164767675392 -1
80.4848293629629 -67.9526669914689 19.95349 4658741169029292416 -1
80.4821861367026 -67.9250612711326 19.95329 4658741645803472128 -1
80.4439267205455 -67.9535378780792 19.95302 4658741199127346816 -1
80.5894230754643 -67.9617653555744 19.95265 4658741302232274816 -1
80.5632112179203 -67.9428259961589 19.95016 4658741474004844032 -1
80.4797644655864 -67.9285489674402 19.94773 4658741645803470592 -1
80.5253608046958 -67.9473727177004 19.94755 4658741542750597632 -1
80.5388540512122 -67.9670693351204 19.94661 4658740962890974720 -1
80.4515010043608 -67.9566574765122 19.94536 4658741203388992256 -1
80.5070450277654 -67.9321126993531 19.94457 4658741577084016384 -1
80.5228984977349 -67.9409753817395 19.94298 4658741577084029440 -1
80.4614261766499 -67.9462521890981 19.94278 4658741233486596352 -1
80.5743633459633 -67.957616406818 19.94058 4658741302232182400 -1
80.4882522028673 -67.955125765867 19.93787 4658741169030105344 -1
80.5235712414394 -67.956219753129 19.9351 4658741336565860608 -1
80.4637673569217 -67.9237654143021 19.93505 4658741650085649792 -1
80.5568608920214 -67.9592239024427 19.93487 4658741340828136064 -1
80.4934048297323 -67.9328004760279 19.93337 4658741581366196224 -1
80.5371400456648 -67.9676884308494 19.93219 4658740962890974336 -1
80.5631327986079 -67.9211933015719 19.93122 4658741508364380672 -1
80.4749913595056 -67.9276467849665 19.92982 4658741645803297024 -1
80.5482025683292 -67.9669444256705 19.92826 4658740958608756736 -1
80.5671632281542 -67.9520190667284 19.92772 4658741375207842176 -1
80.5463444281341 -67.9205582208858 19.92703 4658741508364375424 -1
80.5594301657865 -67.9640590133102 19.92322 4658741336544933376 -1
80.5170660684752 -67.9158569409708 19.91742 4658741718785089280 -1
80.5702932987984 -67.9426086746136 19.91705 4658741478267080192 -1
80.4761470779848 -67.9352693984536 19.91586 4658741611444675712 -1
80.5179014706784 -67.9135709166076 19.91273 4658741718805152256 -1
80.4465898348557 -67.9558890172759 19.91177 4658741199126845952 -1
80.5187089840177 -67.9582814542504 19.90862 4658741169049380096 -1
80.5674739907708 -67.9395090541746 19.90684 4658741474004847360 -1
80.5357165690745 -67.9587874362691 19.90542 4658741336565870720 -1
80.5079321218923 -67.9565229125393 19.90362 4658741164768101504 -1
80.5586198316553 -67.9405063851181 19.90347 4658741474030950656 -1
80.5478272936625 -67.9582130076503 19.90333 4658741336565878912 -1
80.5839369993951 -67.9224988054971 19.90243 4658742917139889792 -1
80.5784268085378 -67.9576994241088 19.90072 4658741302232267392 -1
80.5409900697027 -67.9528246984646 19.89887 4658741340848083328 -1
80.472228852352 -67.93972442819 19.89674 4658741615725929344 -1
80.4628674779241 -67.9625056038979 19.89457 4658741199105702912 -1
80.4808946086022 -67.9327043374028 19.89297 4658741645803299584 -1
80.5577052282354 -67.9271255797153 19.89262 4658741508364579072 -1
80.5040693242992 -67.9554801605051 19.88953 4658741169029333248 -1
80.523337484862 -67.919331973269 19.88665 4658741714501956608 -1
80.5514445339417 -67.93385695741 19.88509 4658741474004835456 -1
80.5321013984969 -67.9208093137552 19.88486 4658741718805165824 -1
80.6005421111723 -67.9468640023614 19.88467 4658741409547649408 -1
80.4854041635928 -67.9665956483683 19.88449 4658741130407397120 -1
80.4942372464686 -67.9364750203163 19.88353 4658741577084004096 -1
80.5295698364055 -67.920005560005 19.88264 4658741714522987904 -1
80.4634604553573 -67.9445056660785 19.88225 4658741233486597376 -1
80.5406963139002 -67.9708093175247 19.8814 4658740962871010688 -1
80.4849877694008 -67.9333856880651 19.88112 4658741650085669376 -1
80.5207589119585 -67.9736266768318 19.88081 4658740924248997504 -1
80.5671469563062 -67.9321766474598 19.87962 4658741474004643456 -1
80.4427132776635 -67.9386630475396 19.87937 4658741233486427008 -1
80.4796220396887 -67.9570576177145 19.87778 4658741164767132416 -1
80.4645124438246 -67.9303595965453 19.87527 4658741615725916032 -1
80.5354885024357 -67.9351051951385 19.87476 4658741474004824832 -1
80.4929119424859 -67.963774722362 19.87384 4658741130407401472 -1
80.4955897904175 -67.9369045175991 19.8698 4658741581366201728 -1
80.4731427515028 -67.9516651776147 19.86901 4658741233486605312 -1
80.5032377764055 -67.9551198376556 19.86572 4658741169029333376 -1
80.4841389321815 -67.9457229138574 19.86335 4658741546986400000 -1
80.5564902208411 -67.9195371870566 19.86305 4658741508364578304 -1
80.5238173162229 -67.9361253267979 19.86273 4658741577083843072 -1
80.5664986044818 -67.9444191198658 19.86188 4658741474004846080 -1
80.5157746039389 -67.9626120492734 19.86073 4658741164767161600 -1
80.4977505689873 -67.9203136946633 19.86028 4658741680163224704 -1
80.5178046893014 -67.9476779460559 19.8586 4658741547006490496 -1
80.531719240976 -67.9115952612266 19.85806 4658741714523938048 -1
80.4388616245002 -67.9439481023543 19.85746 4658741237768789760 -1
80.4375420607299 -67.9384568913137 19.85504 4658741233486578432 -1
80.4839548201641 -67.956360195007 19.85431 4658741164767669376 -1
