notebooks/DrizzlePac/using_updated_astrometry_solutions/ref_cat_None.ecsv
# %ECSV 0.9
# ---
# datatype:
# - {name: RA, datatype: float64}
# - {name: DEC, datatype: float64}
# - {name: mag, datatype: float32}
# - {name: objID, datatype: string}
# - {name: GaiaID, datatype: string}
# meta: !!omap
# - {catalog: GAIADR2}
# - {gaia_only: false}
# schema: astropy-2.0
RA DEC mag objID GaiaID
[from data line 1920]
80.4940900793562 -67.9545005290924 17.24002 4658741169029310848 -1
80.4902755569462 -67.9608834999136 17.23162 4658741169029318144 -1
80.5866313320118 -67.9220410250236 17.22979 4658742921376075264 -1
80.446935136696 -67.949448723267 17.20673 4658741237749575296 -1
80.4859563009316 -67.923855993861 17.19954 4658741650085663104 -1
80.5118391043216 -67.9281899690307 17.17443 4658741684445420288 -1
80.4931719082293 -67.9304390925249 17.17063 4658741581366194944 -1
80.4949104615252 -67.9662847299504 17.15495 4658741130371426048 -1
80.5071982346156 -67.9602235966934 17.15392 4658741169049562496 -1
80.484739040891 -67.9552649580438 17.14907 4658741164746025728 -1
80.4905451117505 -67.9620114357021 17.14869 4658741169029317760 -1
80.4614481377533 -67.9407322078417 17.12586 4658741615725921152 -1
80.580252163482 -67.9528595229373 17.12169 4658741306468420352 -1
80.4763476082551 -67.9426292815549 17.1185 4658741611443452160 -1
80.5259146878229 -67.9596872465527 17.09894 4658740962870960384 -1
80.5352161526091 -67.9199210260683 17.09044 4658741718805168256 -1
80.544974649063 -67.9564436763846 17.08574 4658741336565549184 -1
80.4642554927834 -67.9350119510394 17.07171 4658741615725918848 -1
80.582100283764 -67.9468574755213 17.07163 4658741405311688576 -1
80.5012017602932 -67.9565129265299 17.0689 4658741169030108288 -1
80.4451808224513 -67.9300478582696 17.06198 4658741615725905536 -1
80.4992231192378 -67.9598676015265 17.05611 4658741164766885760 -1
80.4798579991902 -67.9379500978665 17.04874 4658741611443452288 -1
80.6015874699694 -67.9365340912952 17.04508 4658741443927326848 -1
80.5600151681171 -67.9362915718554 17.03477 4658741478287035264 -1
80.4538485956337 -67.950853222456 17.02236 4658741237769035264 -1
80.6042066443597 -67.9402545271277 17.0214 4658741443927330816 -1
80.4948026408208 -67.9316453617807 17.01992 4658741581366197504 -1
80.4491026308545 -67.9475316535924 17.01315 4658741237748709504 -1
80.5113225182752 -67.9379617740508 17.00963 4658741581366211712 -1
80.4534566269287 -67.9496608401777 17.00494 4658741237769034624 -1
80.4863698564188 -67.9486383093798 17.00243 4658741164766853632 -1
80.5721254905973 -67.9448551030494 17.00195 4658741478287054720 -1
80.495601382701 -67.9592311112375 17.00149 4658741164793461120 -1
80.5455595799255 -67.9240971841397 16.99237 4658741512646750848 -1
80.5245268783215 -67.955103239561 16.97969 4658741340848073600 -1
80.522459854567 -67.9503243282017 16.97781 4658741542688292608 -1
80.5601623997267 -67.9699782028535 16.97082 4658740962891134976 -1
80.5171641760409 -67.9652407951702 16.96415 4658741169049384064 -1
80.5967254022357 -67.9511129356004 16.96193 4658741405246162816 -1
80.4952011400165 -67.9422843042977 16.96072 4658741547006467200 -1
80.5108847427506 -67.9230061393074 16.95307 4658741684445415808 -1
80.4876743130413 -67.9220868616945 16.95073 4658741753164878592 -1
80.5794038670757 -67.9393400483973 16.94554 4658741409567577472 -1
80.5321633988237 -67.940213449809 16.94417 4658741370925287296 -1
80.566638557507 -67.9433268808799 16.93078 4658741478287048832 -1
80.4878908967045 -67.9689809126661 16.92823 4658741134689625344 -1
80.5712192012662 -67.9506891368019 16.92009 4658741375187880832 -1
80.4715154882936 -67.9536989249818 16.88427 4658741237769036800 -1
80.5999443636956 -67.9358201376765 16.87248 4658741443927325824 -1
80.5864928592156 -67.9337550907624 16.8609 4658741443927316992 -1
80.4916307768771 -67.9443770328493 16.86062 4658741547006465280 -1
80.5109529581438 -67.9431471566552 16.8552 4658741547006478720 -1
80.5855789142945 -67.9342555129503 16.85419 4658741439671140864 -1
80.4488293955043 -67.9356134089504 16.85218 4658741615725912192 -1
80.5699154071862 -67.9683365761582 16.82863 4658741272128780672 -1
80.4518032098061 -67.9451784510954 16.82257 4658741233486329344 -1
80.5160820710159 -67.9215642936055 16.80782 4658741684425360256 -1
80.4910479110363 -67.9613631829955 16.80524 4658741169029317888 -1
80.5117260529794 -67.9532740407888 16.76643 4658741547006491264 -1
80.5181938864516 -67.9738646838187 16.76192 4658740928531225728 -1
80.4561250778832 -67.9534902284681 16.75699 4658741203409069056 -1
80.502560767005 -67.9583608954407 16.75476 4658741169049561728 -1
80.549027175708 -67.9249993956447 16.75282 4658741512626736768 -1
80.4892397887762 -67.9592868507173 16.74738 4658741169049355264 -1
80.5006089642285 -67.9564793526312 16.72919 4658741164731166208 -1
80.4811217978222 -67.9321617624617 16.72816 4658741650085667584 -1
80.500266226682 -67.9609247112972 16.72189 4658741169049364096 -1
80.4949816978566 -67.9600065283858 16.71688 4658741164766854912 -1
80.5433602082266 -67.9520692746931 16.71628 4658741340848085376 -1
80.4939358724536 -67.9603423445987 16.70223 4658741164766883712 -1
80.5032627290745 -67.9462726826699 16.69064 4658741546986430080 -1
80.4921879578149 -67.9529657227619 16.68192 4658741169049351424 -1
80.4896655311978 -67.9392133964177 16.6427 4658741547006461184 -1
80.5779736504107 -67.9404510514851 16.63996 4658741405311355264 -1
80.4980634431317 -67.9249787405268 16.59905 4658741684445409408 -1
80.4708575314573 -67.9462742668933 16.58952 4658741237768809728 -1
80.5392253456956 -67.9420131849823 16.56672 4658741375187805440 -1
80.5260439735207 -67.9588999916885 16.55375 4658741336565539328 -1
80.4593621437441 -67.9366876358858 16.54847 4658741615725917568 -1
80.5849313894545 -67.9225993138878 16.52614 4658742917139841792 -1
80.5207206204403 -67.9367760850702 16.50925 4658741577083717248 -1
80.5191650269549 -67.9556433767115 16.49189 4658741547006497408 -1
80.5053304447314 -67.9435657702926 16.4782 4658741542703211136 -1
80.5634657320109 -67.9324090638979 16.46894 4658741478287035648 -1
80.4950189305244 -67.9604234822983 16.46384 4658741164766854656 -1
80.5597604661861 -67.951380784478 16.45224 4658741375207837312 -1
80.5912807914156 -67.9286546177016 16.44721 4658741439606002176 -1
80.4580641136542 -67.9429647779885 16.44677 4658741237768799616 -1
80.5572824659402 -67.9367789863877 16.4411 4658741478267040000 -1
80.5566384831253 -67.9590216786067 16.43084 4658741340848102016 -1
80.5131093764137 -67.9390948313168 16.43042 4658741581366215552 -1
80.5486767971529 -67.9451355049705 16.42758 4658741370925287680 -1
80.6015185530085 -67.9471624252909 16.42278 4658741405311355904 -1
80.4448384899242 -67.9477866177271 16.40433 4658741237749574272 -1
80.5197279832529 -67.9555235531404 16.40273 4658741546986489088 -1
80.5374899823822 -67.9399646067166 16.39633 4658741370925278720 -1
80.5599591696747 -67.9418164075073 16.3815 4658741478287043072 -1
80.4981604749009 -67.9341945302883 16.37288 4658741577048025856 -1
80.4651523667776 -67.9498412309379 16.36475 4658741237768809344 -1
80.5670849985026 -67.9440760060612 16.34321 4658741478287048960 -1
80.4529312624764 -67.9539302753335 16.32953 4658741203388991104 -1
80.5836464621333 -67.9452501302545 16.3285 4658741409567584768 -1
80.5683744080086 -67.9487198280826 16.31006 4658741375207840000 -1
80.5596449928949 -67.918616094849 16.299 4658741512646758016 -1
80.4935762516573 -67.9590971919179 16.29239 4658741169049357056 -1
80.4975499670087 -67.9528079270784 16.2893 4658741169049355648 -1
80.5499919618073 -67.9491844719722 16.2874 4658741375207826944 -1
80.5658235034991 -67.930830258844 16.25794 4658741508326627584 -1
80.4378554661706 -67.9374342697755 16.23346 4658741237768784512 -1
80.5473487633661 -67.9396363902783 16.23092 4658741375207814912 -1
80.5763684576091 -67.9564516230714 16.20761 4658741306468420480 -1
80.5193984807536 -67.9358584817637 16.20419 4658741581366216960 -1
80.5214170629224 -67.9340713217482 16.19549 4658741581366216320 -1
80.5453395222248 -67.9189924107949 16.18868 4658741508328557952 -1
80.5427748714461 -67.920971151936 16.17719 4658741508349497216 -1
80.5356502346081 -67.9342287721532 16.15798 4658741478266994432 -1
80.531884919307 -67.9460056110578 16.1247 4658741375207807872 -1
80.485039024177 -67.94708152946 16.1026 4658741547006464128 -1
80.5202381343777 -67.9483801094312 16.09302 4658741542688292352 -1
80.4933123963359 -67.9603641013525 16.08916 4658741164766847232 -1
80.5128241983188 -67.9509839085136 16.08751 4658741547006489856 -1
80.4881646238422 -67.9579370775826 16.08683 4658741169049352704 -1
80.5259667368147 -67.9094763092804 16.07401 4658741718805153536 -1
80.5384108210831 -67.9744841172057 16.07232 4658740962890980096 -1
80.5954624610184 -67.9470290809773 16.0704 4658741409567591936 -1
80.4950073833916 -67.958293402973 16.0645 4658741169049357312 -1
80.4898312562081 -67.961031429817 16.04177 4658741169029318272 -1
80.4461914986837 -67.9356533375169 16.0068 4658741615725910144 -1
80.4581423981109 -67.920828346589 15.97257 4658741650085645184 -1
80.5721727373432 -67.947450283281 15.92263 4658741375207841152 -1
80.4836343637073 -67.9252304766276 15.91997 4658741645767498368 -1
80.4420324542862 -67.9401708672175 15.90375 4658741237768788736 -1
80.4522221107961 -67.9307866948425 15.89959 4658741615725909888 -1
80.4918108324389 -67.9604782930386 15.89857 4658741169029315968 -1
80.5520252324973 -67.935339186282 15.89854 4658741478287029760 -1
80.4893743093692 -67.9368798380078 15.8606 4658741546986394752 -1
80.4721153395679 -67.9483085939922 15.82355 4658741237768811648 -1
80.4634013306285 -67.9367885388128 15.78433 4658741615725919872 -1
80.5445933177304 -67.9496250069734 15.78293 4658741375207822080 -1
80.4865675641491 -67.9515067239692 15.77501 4658741164731161984 -1
80.6006388470214 -67.9303752130977 15.73798 4658741443927323264 -1
80.4693972880756 -67.9368311882713 15.72262 4658741615725924608 -1
80.5377607666761 -67.9397683038133 15.71463 4658741375187795072 -1
80.5040358888084 -67.9452936807219 15.70553 4658741547006475776 -1
80.4923260031422 -67.9590950678834 15.69426 4658741164766847104 -1
80.4879522231173 -67.9483708128417 15.62477 4658741546986411392 -1
80.4497851626335 -67.942632304506 15.56164 4658741233450632192 -1
80.4789752341714 -67.9344468904785 15.55732 4658741611407759104 -1
80.599883090348 -67.9456921477661 15.55621 4658741409567594368 -1
80.4826582427672 -67.9207894057008 15.55564 4658741753164873472 -1
80.5836597320564 -67.947560605831 15.54583 4658741409547628032 -1
80.5281445063041 -67.9368498187695 15.53938 4658741581346199808 -1
80.5146839626072 -67.9749231300126 15.4524 4658740928531223552 -1
80.5790491624659 -67.9547497444098 15.43078 4658741306488372864 -1
80.4916431732777 -67.9183918052935 15.42292 4658741684445401600 -1
80.4985797389131 -67.9547393604309 15.4081 4658741164731165568 -1
80.4915841575186 -67.960146503068 15.32148 4658741169049356288 -1
80.45544589999 -67.9352450875926 15.31497 4658741615705817088 -1
80.584733338401 -67.9276167771494 15.30389 4658741443907333376 -1
80.4576720557006 -67.9521209824323 15.2978 4658741237749578368 -1
80.4858541536119 -67.9593634280076 15.24214 4658741169049352576 -1
80.4940845881931 -67.958757497001 15.20604 4658741164731164160 -1
80.4581445007453 -67.9344659473598 15.14431 4658741615705820544 -1
80.5780388432119 -67.9392168221537 15.10615 4658741409567577344 -1
80.4464191744036 -67.9491346365951 15.05996 4658741237749575040 -1
80.5312123639878 -67.9674695343289 15.03351 4658740962890968192 -1
80.4663414003788 -67.942294168775 14.98451 4658741615725927808 -1
80.5568501148148 -67.9395132729965 14.96349 4658741478287037312 -1
80.5196128351599 -67.9395995278402 14.95162 4658741581366221312 -1
80.479948078241 -67.9364152782035 14.93585 4658741615725930496 -1
80.5831116947148 -67.9282802494141 14.93206 4658741439671090432 -1
80.5505337772223 -67.9548002090177 14.93075 4658741340848094848 -1
80.4958217547241 -67.9594966129537 14.81179 4658741164766845952 -1
80.4967562748917 -67.9571848002622 14.74611 4658741169049561216 -1
80.5657639151253 -67.9537699132101 14.71386 4658741375207842816 -1
80.5109654291418 -67.9399830774185 14.71098 4658741581366214528 -1
80.5349527794017 -67.9404649944822 14.69553 4658741375207805696 -1
80.4549234815998 -67.9472312476226 14.66747 4658741237768800512 -1
80.6014595704048 -67.9501896140194 14.63343 4658741409567597184 -1
80.4997227849739 -67.9259972947471 14.61341 4658741684445410944 -1
80.5704587264752 -67.9442554004324 14.51741 4658741478287053184 -1
80.5408556524107 -67.9568687219937 14.51036 4658741340848088448 -1
80.4987368915153 -67.9603432589115 14.50857 4658741169029335936 -1
80.5495380279559 -67.9447414907389 14.50721 4658741375207820672 -1
80.4878485131207 -67.949897514621 14.39879 4658741164731162368 -1
80.584986482545 -67.9633645352716 14.39467 4658741267807160448 -1
80.5260118260306 -67.9340373339787 14.31711 4658741581366219008 -1
80.5092840267429 -67.9271798854035 14.30026 4658741684445417856 -1
80.513493290616 -67.9460101068748 14.27126 4658741547006483968 -1
80.5050080945839 -67.9503606532535 14.20475 4658741547006481024 -1
80.5247670632562 -67.9345054286406 14.16543 4658741577110161536 -1
80.5321052097244 -67.9124566195207 14.1597 4658741718805159424 -1
80.5590201783064 -67.9359146536827 14.15796 4658741478287035392 -1
80.4510243978331 -67.9395489827445 14.11161 4658741233450632448 -1
80.4991542676648 -67.9600935115293 14.1029 4658741169049364352 -1
80.5308441547749 -67.9346946417039 14.07638 4658741680162920832 -1
80.5899371717061 -67.9314750208231 14.06789 4658741443927317376 -1
80.498088977667 -67.9558732679573 14.01392 4658741169049357440 -1
80.4682578847504 -67.9394761240272 14.00965 4658741615725926400 -1
80.4784788948073 -67.9263731982883 13.92444 4658741650085660416 -1
80.5303071733667 -67.9343489922967 13.92362 4658741684445438848 -1
80.5857355498712 -67.9467419594003 13.91233 4658741409567587072 -1
80.5264431705549 -67.951104070715 13.83048 4658741340848070272 -1
80.4472692914815 -67.92799731793 13.52511 4658741615725905024 -1
80.531232488415 -67.9460283542628 13.49107 4658741370889602688 -1
80.5742126406239 -67.952569212187 13.31129 4658741306488369408 -1
80.5778039655048 -67.955536600428 13.1955 4658741306488372736 -1
80.4911664765109 -67.9404340140526 13.07819 4658741547006462976 -1
80.5158318819893 -67.9246815763486 12.72668 4658741684445420032 -1
80.5718836445145 -67.9491627426394 12.02384 4658741370886084992 -1
80.4448428547231 -67.9451102983127 11.78009 4658741233447131136 -1
